# u, v, x, y, z
172,547,0.3505300283432007,0.3709999918937683,-0.5915341973304749
389,382,0.5047695636749268,0.24699999392032623,-0.6087139248847961
939,372,0.5193228721618652,-0.21199999749660492,-0.616007924079895
1178,540,0.3474980294704437,-0.35199999809265137,-0.6021081209182739
636,363,0.3707095980644226,0.03500000014901161,-0.6046026349067688
633,531,0.5293384790420532,0.03200000151991844,-0.628242552280426
701,360,0.5293384790420532,0.03200000151991844,-0.628242552280426
710,533,0.5282290577888489,-0.008999999612569809,-0.6393676996231079



1 кубик

# u, v, x, y, z
103,551,0.32733234763145447,0.3919999897480011,-0.574479341506958
133,483,0.3789856433868408,0.4009999930858612,-0.5684847235679626
208,483,0.3774730861186981,0.34700000286102295,-0.5701315999031067
184,550,0.32019349932670593,0.34599998593330383,-0.5703517198562622

2 кубик
273,554,0.3355737030506134,0.2849999964237213,-0.5747619867324829
296,483,0.3872200548648834,0.2849999964237213,-0.576047420501709
373,485,0.3850219249725342,0.2370000034570694,-0.5764573812484741
353,555,0.3258197605609894,0.23100000619888306,-0.576126217842102
